 -1.0924193e+00
  -1.1863172e+00
   3.3836748e-01
   1.5337581e+00
   3.7779777e-01
   9.5322996e-01
  -4.9014348e-01
   3.1356209e-01
  -2.6380492e-01
  -7.9218233e-01
   7.4409535e-01
  -2.8055603e-01
  -3.2169378e+00
   1.9347692e+00
  -2.9875786e-01
   3.8298125e-01
  -4.5438749e-01
   1.5645920e-01
  -2.6126403e-01
  -6.1447955e-02
  -4.3489524e-01
  -1.1036657e+00
  -4.5878218e-01
   2.9417284e-01
  -1.9477656e-01
   1.5976725e+00
   3.0954421e+00
  -7.5579575e-01
  -8.7235676e-01
  -1.0529907e+00
  -9.7559961e-01
  -1.1210815e-01
   3.4542259e-01
   1.5487863e-01
  -1.3068423e+00
   1.5257117e+00
   9.5863291e-01
  -9.8617215e-01
  -2.3718924e-01
  -4.8578903e-01
  -6.1163903e-02
  -6.3991739e-01
  -7.1532345e-01
   1.8141396e-01
  -3.0259439e-01
  -2.1741077e-03
  -3.5152043e-01
  -1.4486974e-01
   2.1407139e-01
  -6.5414217e-01
   1.3855814e+00
   6.0512786e-01
  -2.7553944e+00
  -6.6270335e-01
   6.4392531e-01
   9.3573296e-01
  -1.4264727e+00
   1.7663624e+00
  -3.9751447e-02
  -1.5026254e+00
  -4.2496284e-01
  -6.4928869e-01
   1.5704536e+00
  -2.1910482e+00
  -8.0709304e-01
   3.8684839e-01
   7.4292497e-01
  -1.6248157e+00
   1.3680247e+00
  -1.4088395e+00
  -8.8216627e-01
  -3.4655931e-01
   8.4283943e-01
   5.5073027e-01
   5.0885640e-03
   8.7732064e-01
  -5.4354098e-01
   1.5722160e+00
   9.1945971e-02
  -1.8415581e+00
  -9.0406713e-01
  -9.8564825e-01
  -1.1298286e+00
   6.6078594e-01
  -1.2078156e+00
  -1.9847514e-04
  -1.2154045e-01
  -7.7362012e-01
   1.0878998e-01
  -7.0266433e-01
   1.8479700e+00
  -1.5100297e+00
   2.6510472e-01
  -4.9971297e-01
  -2.0950359e-01
  -1.7303794e+00
   8.4164484e-01
   2.1608976e-01
   1.0955955e+00
   6.2110477e-01
  -7.9548979e-01
  -1.2218376e+00
  -5.1083621e-01
   5.1953778e-01
  -1.1049367e+00
  -2.4488621e-01
  -2.1857312e+00
  -9.8441307e-01
   4.7344971e-01
   8.1646612e-01
   1.3909207e+00
   4.1989086e-01
   3.6125312e-01
  -9.7828711e-01
  -1.9788252e+00
   9.9451778e-01
   5.3802622e-01
   4.4552059e-01
   6.5422140e-01
  -4.3798682e-01
   1.1226512e+00
   9.5986046e-01
  -2.8859494e-01
  -6.1594291e-01
  -5.0616719e-02
   6.6918447e-01
   1.1498751e+00
   9.8945169e-01
  -1.8928875e+00
   2.9459688e-01
  -3.0688735e+00
  -1.5987793e+00
  -8.4631750e-01
   4.4202013e-02
  -5.7684787e-02
  -1.2261838e-01
   1.0371513e+00
   1.1724120e-01
   8.8167172e-01
  -7.6140598e-02
  -9.1442755e-01
  -1.1863140e+00
   1.1997547e+00
  -4.1596168e-01
   4.8394339e-01
  -6.5124866e-03
  -5.2376515e-01
   4.6051679e-01
  -8.4241135e-01
   9.2029321e-01
   1.2784153e+00
   1.8203717e+00
   6.7590513e-01
   9.3548460e-01
   7.8826121e-01
  -1.0081944e+00
  -1.1533025e-01
   4.1914355e-01
  -1.1429721e+00
  -2.2347716e-01
  -1.4164110e+00
  -2.6229936e-01
   2.2802868e-01
   3.3611962e-01
   6.8345088e-01
   9.8072475e-01
  -2.1553145e-01
   9.6122126e-01
   1.0349595e+00
  -1.5690988e-01
   1.1077506e-01
   9.0942270e-01
  -6.6064393e-02
  -7.2675744e-01
  -5.0838131e-01
  -6.4345674e-01
  -1.0840958e+00
   1.2329015e+00
  -2.0850131e+00
  -9.2157756e-02
   1.2962555e-01
   2.0629267e-01
  -2.1348076e-01
  -1.5269838e+00
  -5.4421902e-01
  -1.0278122e+00
   6.8755631e-01
  -3.9327924e-01
   4.7565834e-01
  -6.3453204e-02
  -5.5904750e-01
  -7.3539704e-01
  -1.3866199e+00
  -7.9917366e-01
  -6.1121940e-01
  -1.1022349e-01
   4.1425870e-01
   2.3009527e-01
   8.5703100e-01
   4.8208732e-02
   1.0233485e+00
  -1.8199287e-01
  -2.9012838e-01
   8.1520391e-01
   3.2233233e-01
   1.3837468e-01
  -4.5101250e-01
  -1.5304060e-01
  -8.7900213e-01
  -1.9270694e-01
   1.9488557e-01
   1.5948781e+00
  -4.4194329e-01
  -4.2197083e-01
   2.2580915e-01
   1.4640549e-01
   9.6901688e-03
   1.0759872e-01
  -2.0495315e+00
   1.3140299e+00
   6.1804025e-01
  -4.1926490e-01
  -6.5461894e-01
  -6.9014672e-01
  -1.6792687e+00
  -2.4816894e-01
   1.1933549e+00
  -1.5635730e+00
  -1.7451892e+00
  -2.4094730e-02
  -1.3481895e+00
  -2.8720563e-01
  -7.5126504e-01
   4.3172515e-01
  -4.3123900e-01
   1.2185488e-01
   4.2056701e-01
   4.0485047e-01
   4.8372997e-01
  -2.9332601e-01
  -2.4694777e+00
   2.5220914e-01
  -9.2917262e-01
   5.3184551e-01
  -1.3263118e+00
   1.0240248e+00
  -9.0126457e-01
  -6.5581629e-01
   3.9817142e-01
   2.3453116e+00
  -9.4529466e-01
   1.7895027e+00
   4.9043622e-01
  -8.9293645e-01
   7.6420604e-01
   2.2181690e-01
  -4.6993832e-01
  -4.3710564e-01
  -2.0513971e+00
  -1.6079263e-01
   5.3075011e-01
   2.6452400e-01
  -3.3193621e-01
   1.0650741e+00
  -3.9640199e-01
   6.1584665e-01
  -1.1577666e+00
  -1.9303874e-01
   2.8629647e-01
   7.2121907e-01
   3.8690493e-02
   3.4314478e-01
   1.2560980e+00
   1.2441861e+00
  -5.6312299e-01
   2.3461755e-01
   1.5473411e+00
   1.6698147e-01
   3.1500560e-02
   1.4188402e+00
   8.9203619e-01
  -6.5706503e-01
   3.7980005e-03
  -1.1240728e+00
  -2.4869596e-01
   8.9867012e-01
  -1.2880944e+00
   1.0216136e+00
  -3.8424968e-01
  -6.9742625e-01
  -7.3441893e-01
  -2.1297391e+00
  -9.4251717e-02
  -1.1520457e+00
  -1.6791688e+00
  -4.9894417e-03
  -5.8749717e-01
  -3.9926894e-01
   1.2420923e-01
   1.6437822e-01
  -3.5008591e-01
  -2.8528617e-01
  -3.9782645e-01
  -2.5637975e-01
  -9.3547408e-01
  -1.3074692e+00
  -1.1252888e+00
   5.2786271e-01
   5.4423048e-03
   8.9986362e-01
   1.1799861e+00
  -7.6370442e-01
  -1.0566742e+00
  -1.8606377e+00
  -2.1111027e-01
   6.9129810e-01
   1.4982046e+00
   7.6072898e-02
  -4.6479094e-01
   2.2029349e-01
  -8.2178856e-01
   9.0595625e-02
  -8.0848465e-02
  -1.2384605e+00
  -3.3642744e-01
   4.6254179e-01
   1.4246669e+00
   5.5028230e-01
   1.9425181e+00
  -6.9362140e-01
   1.8508831e-01
  -1.6687079e-01
   1.4751592e-01
  -1.0763054e+00
  -1.0340995e-01
  -3.1535882e-01
  -3.7326206e-01
  -3.6425193e-01
  -2.5827332e-01
   8.8412499e-03
   1.2958869e+00
  -3.7907416e-01
  -5.3354847e-03
  -1.6469414e+00
   1.8607167e-01
   8.0751522e-02
  -6.4700396e-01
   3.7019685e-01
  -2.8666870e-01
  -2.7146531e-01
  -1.1292652e+00
   8.7729765e-01
  -9.2228184e-01
   1.0779998e-01
   1.1892588e-01
   7.1843907e-01
   7.3908025e-01
  -1.3552589e+00
   1.2905214e+00
   5.7341962e-01
  -9.4955470e-01
  -9.8968909e-01
  -4.0948748e-01
  -5.3583565e-01
   9.6550134e-01
   1.0186432e+00
   2.1129655e-01
   1.0263613e+00
   1.0982435e-01
   1.3266116e+00
   1.2186230e+00
  -1.2687537e+00
   8.3629057e-01
   3.6796697e-01
  -2.1976248e-01
   8.4088774e-01
  -4.5008654e-01
  -5.6584619e-01
   5.6646597e-01
  -1.0594414e-01
   9.5585753e-02
   1.1472685e+00
  -4.9554686e-01
   2.4170911e-01
   7.6768155e-01
  -1.1652674e+00
   1.0289058e-01
  -1.6962865e-01
   4.5727371e-01
   2.6205772e-01
   2.9126713e-02
  -8.2138724e-01
   9.2337388e-01
   1.4928808e+00
   4.9234112e-01
   8.4526780e-01
   4.8235103e-02
  -3.9442719e-01
   1.8061324e-01
  -1.5527073e+00
   1.6592576e+00
   9.3051905e-01
  -1.8327798e+00
  -1.3127958e+00
   5.7537984e-01
  -1.6098793e-01
  -3.0442573e-02
  -1.6021356e+00
   1.2549807e-01
   1.8054493e-01
   6.3510917e-01
  -1.4726965e+00
   1.0202820e+00
  -1.0616060e+00
   6.0541309e-02
   1.5133236e+00
   1.3295089e+00
   3.8820932e-01
   1.0619229e+00
  -1.1525521e+00
   8.2406717e-01
   9.1364021e-01
  -1.0291627e+00
   1.3901028e-01
   2.8583564e+00
   9.6178784e-01
   1.2448852e+00
   6.0705133e-01
  -1.1578290e+00
  -1.8989076e+00
  -8.0190963e-02
  -1.0157720e+00
  -1.4445356e+00
  -1.3862910e-01
   4.3202061e-01
   2.2529935e+00
  -4.5958057e-01
   9.0487100e-02
   2.6081350e+00
  -1.0371692e+00
   2.5310417e-01
  -2.6659886e-01
   1.3174838e+00
   1.1170149e-01
   1.2714367e+00
   4.1177924e-01
   7.5791646e-01
  -1.6723351e+00
  -7.3348547e-01
  -1.3232145e+00
  -1.5115646e+00
   9.1143911e-01
   1.0438762e+00
  -1.3703896e-01
  -9.9039523e-01
   1.0444031e+00
   1.8246589e+00
   7.0341242e-01
  -8.2215211e-01
  -4.4931308e-01
   7.0320969e-01
   6.2227935e-02
   1.0264366e+00
  -9.8191465e-01
   1.5361659e+00
  -2.8788051e-01
  -7.1129985e-01
  -1.1749555e+00
   8.5577262e-01
  -3.3617631e-01
  -2.7418845e-01
  -3.7729515e-01
  -1.0397324e+00
  -7.0839796e-01
  -1.1918859e-01
   2.1694238e+00
  -3.7663075e-01
   7.9868609e-01
  -9.4202784e-01
   8.7311301e-01
   8.9599816e-01
   7.1552154e-01
   3.7160226e-01
  -1.8252009e+00
  -1.4159643e-01
   6.0139000e-01
  -1.8092895e+00
  -4.1891260e-01
   1.1975469e+00
   3.3763286e-02
   1.3563095e+00
  -3.3832843e-01
   1.2386743e+00
   1.5980147e-01
   6.7825699e-01
  -1.4417330e+00
  -1.4795289e+00
   4.8835108e-01
  -3.5870944e-01
  -1.8251808e+00
  -4.5306607e-01
  -3.5555029e-01
  -8.5476969e-01
  -1.2468225e+00
   2.2176544e-01
   3.3563225e-01
  -8.0249019e-01
   1.3237444e+00
  -4.8740863e-01
  -1.9806977e+00
   2.2903185e-02
   8.1361849e-01
  -1.8975251e+00
   1.8775138e+00
  -2.9066814e-01
  -8.2288157e-01
   2.8370516e-01
  -5.3949709e-01
   9.4973689e-01
   1.3279037e+00
   4.3738494e-01
  -5.5101438e-03
  -1.7033288e+00
  -7.6379308e-01
   2.1813535e-02
  -1.9982183e+00
  -1.0539349e+00
   1.4950441e-01
  -1.2319057e+00
  -7.7123123e-01
   3.0126021e-01
   1.8942899e-01
   1.1857229e-01
   2.4408932e+00
   6.7059619e-01
  -6.7952998e-01
   4.8528665e-02
   1.1604839e+00
   1.8087226e+00
   6.8462116e-01
  -7.7803696e-01
   6.8554978e-01
   5.6833280e-01
   5.2527440e-01
  -5.3678583e-02
  -2.1786703e-01
   9.6949175e-02
  -5.9884471e-01
   5.9437877e-01
  -5.0686483e-02
   1.3316581e+00
   7.4563957e-01
   2.2633599e-01
   1.3315034e+00
   8.6830894e-01
   3.4004775e-01
  -9.1059797e-01
   1.3325892e+00
  -1.2632909e-01
  -3.5159914e-01
   3.0142907e-02
   1.0683220e+00
   1.1857478e-01
  -1.1365895e+00
  -2.8084879e-01
  -8.0620989e-01
  -2.7180114e-01
  -1.2513240e+00
   3.5577179e-01
  -3.4479236e-01
  -8.8385719e-01
  -5.8125360e-01
   1.2704408e+00
  -1.1950753e+00
   4.8604620e-01
   1.6894879e-01
  -1.1936222e+00
   4.0070989e-02
  -9.2534381e-01
   8.3587926e-01
   5.5127780e-01
  -1.1702060e-01
  -9.8920588e-01
  -5.1987408e-01
  -4.9813307e-01
   3.4539861e-01
   1.2462365e+00
   7.5868363e-01
  -4.4510858e-01
  -1.8829860e+00
  -7.3588921e-01
   3.5266763e-01
  -1.0611239e+00
  -5.1637115e-03
   1.4726198e+00
   1.6254662e+00
   1.7581754e-01
   1.7698051e+00
   5.6982624e-01
   7.0893706e-01
   5.5655989e-01
  -4.9304250e-01
   1.9601778e-01
   5.1774147e-01
   1.1855278e+00
  -2.5713507e+00
  -8.5399060e-01
   1.3866599e+00
   6.5192622e-01
   2.1780597e-01
   5.2258586e-01
   1.1832797e+00
  -9.4528630e-01
   4.1103331e-01
  -1.8809456e+00
   1.3208515e-01
   9.6166196e-02
   1.2599841e+00
  -7.3473753e-01
   5.4542850e-01
   9.5580720e-01
  -7.0670643e-01
   3.1162774e-01
   4.8762082e-02
  -1.7382360e-01
  -4.9825532e-01
  -6.6230279e-01
  -1.1679659e+00
  -4.6331232e-01
  -9.3003836e-01
  -4.6155781e-02
   1.5650353e+00
  -2.9626971e-01
   9.7163894e-01
   4.8797129e-01
   1.3504959e+00
  -6.4775887e-03
  -9.9419910e-02
  -1.5128722e-01
  -1.2174697e+00
   2.0324967e+00
  -1.4269880e+00
  -1.2398838e-01
  -3.6647194e-01
   7.3641924e-02
  -1.4311642e+00
   7.7855450e-01
  -4.3189544e-02
  -2.2896738e-01
   1.4217551e+00
   6.7468187e-01
   1.7187916e+00
   1.3144733e+00
  -5.4716441e-01
  -2.5585208e-01
   1.2471957e+00
  -4.1713226e-01
  -7.5175165e-02
  -4.4896796e-01
   4.1733428e-01
   1.0752628e+00
  -6.0892510e-01
  -5.0186038e-01
   9.5373153e-01
   1.7102019e+00
   9.5240855e-01
  -1.3728618e+00
  -6.8408630e-02
   3.1451428e-01
   7.2836393e-02
  -5.2894342e-01
  -1.7558093e+00
   1.2069411e+00
   1.0615736e+00
   7.2328394e-01
  -3.7779114e-01
  -1.3145056e+00
   5.8353902e-01
  -8.6127034e-01
  -2.3974282e-01
   1.2496903e+00
   9.6153986e-01
  -3.2911743e-01
   3.6623112e-01
  -6.6281293e-01
  -7.8420270e-01
  -1.9810085e-01
  -1.2869598e+00
   1.8883417e+00
   5.0386084e-01
  -7.6236389e-01
  -6.9923591e-03
   9.6047324e-01
  -1.7376957e-01
  -2.2985495e-01
   7.7779132e-01
   1.4765336e+00
   8.6875723e-01
   1.3579218e-01
   5.3053016e-01
   2.3219872e-02
  -4.4828307e-01
  -6.5846129e-01
  -7.8518595e-01
  -8.4702881e-01
   1.0874763e-02
  -1.5884046e+00
  -1.2803498e-01
  -1.5132236e+00
  -2.6838672e-01
  -9.2026558e-01
   1.4582828e-01
   9.7314835e-01
  -1.6799571e+00
  -7.4864390e-01
  -7.4900348e-01
  -4.6070195e-01
  -1.9382338e-01
  -9.2903128e-01
  -2.5627933e-01
   9.9326162e-01
   1.4403929e-01
  -4.9906004e-01
   3.0542923e-01
   5.4390090e-01
  -1.7766304e+00
  -1.7484827e-01
   1.9867120e+00
   5.7357329e-02
   1.7478475e-01
   1.5762910e+00
  -1.2049265e+00
   8.5305907e-01
  -3.0731860e-01
   2.4801396e-01
   6.0265910e-01
  -2.0771427e-01
  -6.3600644e-01
   6.4201707e-01
  -1.2306127e-01
   1.0869433e-01
   5.9646009e-01
   9.0129817e-01
  -2.4822662e-01
  -9.7325591e-01
   4.2613172e-01
   1.3105813e+00
  -6.1998985e-01
   4.9943863e-01
   1.4143037e+00
  -7.2818744e-02
   3.3056439e-01
  -1.1028156e-01
  -9.2475106e-01
  -8.0088039e-01
  -1.2307399e+00
  -1.6811737e-01
   1.8028701e+00
   2.3371175e-01
   1.6280675e+00
  -8.9801125e-01
  -4.9948250e-01
   1.7343030e+00
  -1.3589580e+00
  -1.3037716e+00
   1.9966175e+00
   9.8456284e-01
   2.3520878e-01
   6.3658420e-02
   1.1155733e+00
   6.5006854e-01
   7.5206429e-01
   1.4361856e+00
   1.2858489e+00
   2.3960416e-01
  -1.3493414e+00
   1.3703175e+00
  -1.0015286e+00
  -2.4932471e+00
   3.8021656e-01
   1.4898623e-01
  -5.8844721e-01
   1.4917509e-01
   1.3852518e+00
   3.4487622e-01
  -2.8751345e-01
   1.0469652e-01
  -1.6589844e+00
  -1.4889311e+00
  -1.0691735e+00
  -1.1442886e+00
   2.2074813e+00
   5.7093448e-01
   9.8821920e-01
  -2.8929911e-01
  -7.3184188e-01
   7.9706644e-01
   4.0944296e-01
  -4.2417244e-01
  -1.7927278e+00
   2.0884283e+00
   2.0203867e+00
  -1.0703567e+00
   1.2478443e+00
  -2.9472936e-01
  -6.1934888e-01
  -1.0383307e+00
  -4.5739415e-01
   1.6630703e-01
  -1.4348308e+00
   1.1473375e-01
  -1.5363629e+00
  -1.7160160e-01
  -9.5714902e-01
   1.2551161e+00
  -7.0254596e-01
  -2.2528805e-01
   4.2750230e-01
  -2.0768479e-01
  -5.7730195e-01
  -1.7658902e+00
  -3.9407710e-01
   1.1410009e+00
   4.1882215e-01
  -1.1593829e+00
   9.5571984e-01
  -1.3825784e-01
   7.3980502e-01
   1.5174833e-01
  -2.3199689e+00
  -1.0663588e+00
   1.5968882e+00
  -1.9011955e-01
  -6.1176971e-01
   2.7247333e-01
   5.7434300e-01
  -7.2697902e-01
   3.0598786e-01
  -1.2674482e+00
  -6.8335225e-01
  -6.2558738e-01
   1.8857792e-01
   1.9165936e+00
   5.9647362e-01
  -9.1136936e-01
  -1.6784928e+00
  -7.8371517e-01
   1.4939468e+00
   5.2154525e-01
  -1.0873966e+00
   1.3327172e+00
  -8.4568354e-01
  -3.6571818e-02
  -7.0177505e-01
  -1.2914302e-02
  -6.8554029e-01
  -7.4234387e-01
  -7.4256993e-01
   2.0343390e+00
  -2.0059021e+00
   1.0231072e+00
  -4.6326586e-01
   5.5115219e-01
   1.0344137e+00
  -1.4667991e+00
   7.4057031e-01
  -2.5472502e-01
  -1.0305989e+00
  -3.1904830e-02
  -9.2055716e-02
   3.0797290e-01
   4.0364790e-01
  -3.0541731e-01
   7.4837935e-01
   3.0778427e-01
   1.2741223e+00
   1.4238348e+00
  -4.9056328e-01
  -2.7659823e-01
   1.0701254e+00
   2.0272501e+00
   1.2974194e+00
  -9.2371956e-04
   2.1165710e-01
   1.6094540e+00
  -1.1225689e+00
  -2.4594133e-01
  -7.9185048e-01
   1.3970665e+00
  -1.2504266e+00
  -5.2120291e-01
   6.0455933e-02
   3.3018635e-01
  -3.9698115e-01
  -1.0162790e+00
  -3.3120143e-01
  -3.2577091e-01
  -1.1851456e+00
  -1.3382194e+00
   2.0390758e-01
   6.9457582e-01
   5.3373611e-01
  -1.3663268e-04
  -6.2645993e-01
  -1.6588052e+00
  -1.0092288e+00
  -6.2124861e-01
  -2.9753171e-01
   2.4311271e-01
   2.2073315e-01
   8.1847573e-01
   3.4045281e-01
  -1.4010568e+00
   7.7680784e-01
  -1.0839538e+00
  -4.8276399e-01
  -7.4930423e-01
   6.1808078e-01
  -1.7789091e+00
   5.7517593e-01
  -7.6473245e-01
  -8.8943671e-01
  -1.3675010e+00
  -8.6961586e-01
  -1.2722492e+00
  -9.4876522e-01
   1.1316876e+00
  -2.3552102e-01
  -1.1074407e+00
   1.1353818e+00
   5.6084113e-01
   3.3533840e-01
  -5.9188880e-01
   6.2645459e-01
  -6.9294023e-01
  -8.3188345e-01
  -6.5207892e-01
  -5.0009740e-01
   4.8253822e-01
   8.6026162e-01
  -2.0416543e+00
  -5.0330522e-01
  -1.4859717e+00
   1.1639076e+00
   1.5666668e+00
  -6.8921558e-01
   8.3134110e-01
   5.1721343e-01
   3.5481183e-01
   8.8905412e-01
   7.2024398e-01
   2.0601084e-01
  -7.6012169e-01
   1.4884590e+00
  -1.0251589e+00
  -1.0616451e-01
  -3.6329441e-01
   9.9012451e-01
   1.1781545e+00
   1.2876581e+00
   1.4026089e+00
  -1.4227702e+00
   3.6052872e-01
   8.7903079e-03
  -6.3129620e-01
   1.8193749e-01
  -3.1566452e-01
  -1.2398143e+00
  -8.0650141e-01
  -9.6658639e-01
  -9.0059644e-01
  -1.3427892e-01
   1.9686702e-01
  -9.8417643e-01
  -1.5539602e+00
  -1.0568448e+00
   6.0531498e-01
   8.6152331e-01
  -1.4255271e+00
   3.4789773e-01
  -4.5615869e-01
  -9.3591823e-01
   2.7957365e-01
  -1.3940504e+00
  -1.3818373e+00
  -3.8689556e-01
  -2.3249229e+00
  -8.1692841e-01
  -1.3469695e+00
  -1.7898982e+00
  -8.9313766e-01
   3.3785925e-02
  -3.2267264e-01
   2.1905039e+00
  -1.7976382e-01
  -8.9705399e-01
   7.0041868e-01
   6.1082404e-01
  -9.5219782e-01
  -1.2563299e-01